-1.746606100535255335e+00 -3.284615207124637948e+00 3.000000000000000000e+00
-2.782351080049847880e+00 -7.418245516130286266e-01 4.000000000000000000e+00
1.582824882560037505e+00 1.304702184062445314e+00 2.000000000000000000e+00
-2.500908260082039813e+00 -2.990976415862005577e+00 3.000000000000000000e+00
1.987784784395434379e+00 2.306281358213908561e+00 2.000000000000000000e+00
-6.370801652096896639e+00 -1.181525437343117879e+00 4.000000000000000000e+00
-1.272739761051079554e+00 -3.180975647309069121e+00 3.000000000000000000e+00
-2.829206402449435664e+00 -2.929418962816401351e+00 3.000000000000000000e+00
-8.211467252966938579e-01 3.813267287134392891e+00 1.000000000000000000e+00
-1.617364150833162206e+00 2.585604018856985764e+00 1.000000000000000000e+00
-1.830795350581083891e+00 -4.521396505313612479e+00 3.000000000000000000e+00
-2.787978184930619108e+00 -1.315638998238800816e+00 4.000000000000000000e+00
3.829501806174564482e+00 9.647420360110984250e-01 2.000000000000000000e+00
3.078244967450635805e+00 1.836432665999208291e+00 2.000000000000000000e+00
-4.133877964576471165e+00 -7.222012498508647571e-01 4.000000000000000000e+00
2.024144472042434195e+00 6.763275996232480658e-01 2.000000000000000000e+00
-2.549188860918280675e+00 -2.871293083591532902e-01 4.000000000000000000e+00
-1.297714115253819411e+00 -3.571787972415074286e+00 3.000000000000000000e+00
-1.787324859061809157e+00 -2.107622662919778733e+00 3.000000000000000000e+00
-1.110382015661238952e+00 -5.630612928361944380e-01 4.000000000000000000e+00
-8.228303744876250825e-01 2.866927262997231551e+00 1.000000000000000000e+00
-3.426639368877948399e-01 3.874458331351792850e+00 1.000000000000000000e+00
5.002314298001093285e+00 1.310157535267781670e+00 2.000000000000000000e+00
-3.597366561364218285e+00 -1.991415054476761037e+00 4.000000000000000000e+00
-3.020410530155703377e+00 -5.015232894312926959e+00 3.000000000000000000e+00
4.055352622379777117e+00 1.702002352433559906e+00 2.000000000000000000e+00
-8.723311146017501017e+00 -1.014751645457385276e+00 4.000000000000000000e+00
3.133358843692687135e+00 1.535053872873107572e+00 2.000000000000000000e+00
-3.160522646366210608e+00 2.945209495280120660e+00 1.000000000000000000e+00
2.883560537933923307e+00 1.587593471030860126e+00 2.000000000000000000e+00
-6.612975430550514844e+00 -5.763542947473643263e-01 4.000000000000000000e+00
-3.168753405949066959e+00 -1.025944809979640437e+00 4.000000000000000000e+00
-1.369044958548513602e+00 -1.955560244142839688e+00 3.000000000000000000e+00
2.801868825606352420e+00 3.275949764286696375e-01 2.000000000000000000e+00
-1.649028766132869084e+00 -3.019425700940749024e+00 3.000000000000000000e+00
-8.592245769492024010e-01 -4.590111408018390238e-01 4.000000000000000000e+00
-1.231464591729576785e+00 -1.950184546947383302e-01 4.000000000000000000e+00
-4.025971653804458761e+00 -3.542773828093439548e+00 3.000000000000000000e+00
3.883205905113154444e+00 1.703297069080651482e+00 2.000000000000000000e+00
1.962991834934449287e+00 5.843684250065800390e-01 2.000000000000000000e+00
-1.587566235277692694e+00 4.306874480023445528e+00 1.000000000000000000e+00
-2.694090263541612185e+00 -2.349751723091170419e+00 3.000000000000000000e+00
-1.995152753083748287e+00 2.804896531975353824e-02 4.000000000000000000e+00
2.503207640634464770e+00 8.106566419214621400e-01 2.000000000000000000e+00
1.682990913043794112e+00 1.273847511007058841e+00 2.000000000000000000e+00
-2.151789338605313517e+00 4.950866747912622046e+00 1.000000000000000000e+00
-5.004746140450255787e+00 -4.391887940202224838e-01 4.000000000000000000e+00
-2.300426473285456019e+00 -3.728732461206490711e+00 3.000000000000000000e+00
-1.303434994756835552e+00 -5.544653267062427560e+00 3.000000000000000000e+00
-2.484865130805389732e+00 -1.063913188260236842e+00 3.000000000000000000e+00
2.287588355276103158e+00 6.953175898194648985e-01 2.000000000000000000e+00
5.207484817824690637e+00 1.117911649800582108e+00 2.000000000000000000e+00
-1.879075531246002129e+00 -3.508658769522649656e+00 3.000000000000000000e+00
-3.278325735559091125e-01 4.113415750645869728e+00 1.000000000000000000e+00
2.916594001626011678e+00 9.049600268687116866e-01 2.000000000000000000e+00
4.830088986713859001e+00 6.135177834025595800e-01 2.000000000000000000e+00
3.794210048996088158e+00 1.742653452544588921e+00 2.000000000000000000e+00
-4.955854917783669933e+00 -1.432946517903898265e+00 4.000000000000000000e+00
3.959118846659616331e+00 7.519275872639195057e-01 2.000000000000000000e+00
-4.678144559647815726e+00 -5.630621802193591652e-02 4.000000000000000000e+00
-2.158092834373904978e+00 -2.479453289601230015e-01 4.000000000000000000e+00
-2.149251129673201977e+00 5.078528195144647484e+00 1.000000000000000000e+00
-1.297354144192770065e+00 -6.090769385725340435e+00 3.000000000000000000e+00
-1.863190782703661341e+00 3.865981462885054398e+00 1.000000000000000000e+00
4.344343059415252561e+00 1.523521687132195712e+00 2.000000000000000000e+00
-6.125976231741494971e+00 -2.173562463479443707e+00 4.000000000000000000e+00
-2.522961889352668408e+00 4.099106944827111576e+00 1.000000000000000000e+00
-6.218043794726815676e+00 -2.043008291975286550e+00 4.000000000000000000e+00
2.840958413184638154e+00 1.638336794040563316e+00 2.000000000000000000e+00
-1.458084454986960043e+00 -1.582269094161988798e+00 3.000000000000000000e+00
-2.761033444004787896e+00 -5.422530753731088282e+00 3.000000000000000000e+00
-2.381640466863397254e+00 2.673605195624007003e-01 3.000000000000000000e+00
-3.486395892921261286e+00 -7.879830175590566421e-01 4.000000000000000000e+00
-2.176079209475334952e+00 -4.596604810877193081e+00 3.000000000000000000e+00
-1.491753220216412767e+00 2.812065215299827337e+00 1.000000000000000000e+00
-4.419821130279476762e+00 -1.667901240993160838e+00 4.000000000000000000e+00
-1.467266566679482853e+00 2.804507817592366337e+00 1.000000000000000000e+00
-2.658303872483233299e+00 -7.758851973891455200e-01 4.000000000000000000e+00
-1.765678556770741814e+00 -4.723360528050831952e+00 3.000000000000000000e+00
-3.404642817636362562e+00 -5.328476033396827294e-01 4.000000000000000000e+00
-1.244602284954116289e+00 -3.931658450401570803e+00 3.000000000000000000e+00
-2.534126330037541841e+00 -1.906675831662775211e-01 4.000000000000000000e+00
-1.675273187523973917e+00 -3.246996024795886449e+00 3.000000000000000000e+00
2.362687298076953546e+00 1.026888490726143743e+00 2.000000000000000000e+00
-1.504136316151563513e+00 -4.892936393536835737e+00 3.000000000000000000e+00
-3.227300520212319945e+00 -3.173798167755510491e-01 4.000000000000000000e+00
3.872795223205688586e+00 1.324716664591830018e+00 2.000000000000000000e+00
-2.362385693448340263e+00 2.799525755519299164e+00 1.000000000000000000e+00
2.808167438741558275e+00 1.338668810244812324e+00 2.000000000000000000e+00
2.705945113164693439e+00 3.960415532199663691e-01 2.000000000000000000e+00
-2.660962296223539525e+00 3.468129748153766290e+00 1.000000000000000000e+00
3.591260790973515249e+00 9.497752559263297201e-01 2.000000000000000000e+00
2.583681329025832252e+00 2.400179264995871531e+00 2.000000000000000000e+00
2.968054977837435437e+00 2.017873173958355082e+00 2.000000000000000000e+00
-2.243866961680791583e-01 4.639605550254897182e+00 1.000000000000000000e+00
-6.213364460929996724e+00 -1.147032871867935011e+00 4.000000000000000000e+00
-3.548049016130542022e+00 -1.094994924989166396e+00 4.000000000000000000e+00
-2.263050176253099011e+00 -1.960447970876915802e+00 3.000000000000000000e+00
-8.803646408284639957e-01 3.818563467680442525e+00 1.000000000000000000e+00
4.151169126936976816e+00 6.547760007759106937e-01 2.000000000000000000e+00
-1.664308361202353703e+00 -9.727318806815614671e-01 3.000000000000000000e+00
4.085767635997651581e+00 5.382116513413426340e-01 2.000000000000000000e+00
4.099225863912678847e+00 1.515922626178549670e+00 2.000000000000000000e+00
-6.887922994520078168e-01 4.119172489484861366e+00 1.000000000000000000e+00
1.969456566109543783e+00 2.139195795891605023e+00 2.000000000000000000e+00
-3.375030335243867086e-02 5.123408146580578304e+00 1.000000000000000000e+00
-1.860043055097512665e+00 2.626523731464852407e+00 1.000000000000000000e+00
-5.358769469139813779e+00 -5.667055661253540544e-01 4.000000000000000000e+00
-2.922834320910991490e+00 3.110657430190025163e+00 1.000000000000000000e+00
5.266593550310068039e+00 1.616961968873714905e+00 2.000000000000000000e+00
-6.043001431726976236e+00 -1.382590363447539827e+00 4.000000000000000000e+00
-2.055088894864585569e+00 -1.230022356690079643e+00 4.000000000000000000e+00
-8.282784896178052580e-01 2.695100849989906067e+00 3.000000000000000000e+00
2.224679128601544598e+00 2.059983951992323536e+00 2.000000000000000000e+00
-1.260683255096174626e+00 -4.241394213827657467e+00 3.000000000000000000e+00
-2.005179880263640246e+00 -4.237105262961046392e+00 3.000000000000000000e+00
4.961149360996580882e+00 5.345336810136229744e-01 2.000000000000000000e+00
5.414610709566533231e+00 1.429285774438653123e+00 2.000000000000000000e+00
-1.027388625527267063e+00 3.053512858521759910e+00 1.000000000000000000e+00
-5.457095291063539300e+00 -1.588337251524480020e+00 4.000000000000000000e+00
2.394715514815014767e+00 6.989975298722066466e-01 2.000000000000000000e+00
-2.466975986382723196e+00 -5.319769500410269636e+00 3.000000000000000000e+00
-2.061051757107978943e-01 -1.012676161077885606e+00 4.000000000000000000e+00
-2.452310496404533247e+00 5.494781362003119618e+00 1.000000000000000000e+00
-4.470530762884363796e+00 -9.653220568751395003e-01 4.000000000000000000e+00
-5.162251738694326519e+00 -1.524951284722437794e+00 4.000000000000000000e+00
2.080751127867713990e+00 2.145611834492947345e+00 2.000000000000000000e+00
4.925217355266385155e+00 1.330963045587543192e+00 2.000000000000000000e+00
-2.979826639509766117e+00 -8.159887623674081381e-01 4.000000000000000000e+00
-2.430237530920434708e+00 1.122998477490011027e+00 3.000000000000000000e+00
-1.741013461236044169e+00 -4.150973221322884044e+00 3.000000000000000000e+00
-3.125804763891261384e+00 -3.110181186935566444e+00 3.000000000000000000e+00
2.648473548082925788e+00 9.163828046191937471e-01 2.000000000000000000e+00
-7.990090062989283481e-01 -4.574499829600226164e+00 3.000000000000000000e+00
4.195817663310514867e+00 3.116889542656979817e-01 2.000000000000000000e+00
-3.326029359847847644e+00 -2.117052484691073211e+00 3.000000000000000000e+00
-1.138826592606141830e+00 3.858691298883769161e+00 1.000000000000000000e+00
-5.774170846591752948e-01 7.016709459328640541e-01 3.000000000000000000e+00
2.276833776458638159e+00 1.543957748661620721e+00 2.000000000000000000e+00
4.781239747891526726e+00 4.872807528306890568e-01 2.000000000000000000e+00
-2.649014808413746369e+00 -2.785665809809469984e-01 4.000000000000000000e+00
2.614363089674826668e+00 1.601129598375334862e+00 2.000000000000000000e+00
-4.866729219736884104e+00 -9.596766668623726293e-01 4.000000000000000000e+00
-6.832403484745855238e+00 -1.209997371489148543e+00 4.000000000000000000e+00
5.131948297946797410e+00 -5.558790101327693023e-02 2.000000000000000000e+00
-3.153017445402361396e+00 -8.966503005653905234e-01 3.000000000000000000e+00
-3.431123067723546027e-01 3.035142292099057393e+00 1.000000000000000000e+00
-1.360028393417230586e+00 -6.874667921778534918e+00 3.000000000000000000e+00
-2.421390162571539495e+00 -3.178497465144404899e+00 3.000000000000000000e+00
-2.711904182950888753e+00 -2.384737616585673958e+00 3.000000000000000000e+00
2.271898912324969100e+00 1.162899043357399798e+00 2.000000000000000000e+00
-1.662678047273472570e+00 -6.602377400927970541e+00 3.000000000000000000e+00
5.181835205682283174e+00 4.722493154272930926e-01 2.000000000000000000e+00
-3.048086918954809654e+00 -4.022730801836450709e+00 3.000000000000000000e+00
-1.096669605489991373e+00 4.254548784885561652e+00 1.000000000000000000e+00
2.703292744436918138e+00 1.752813356399767653e+00 2.000000000000000000e+00
-1.830149131248825167e+00 2.571023417981516346e+00 1.000000000000000000e+00
-1.063097805477539737e+00 4.120577339957814722e+00 1.000000000000000000e+00
4.957365530183298397e+00 1.726269388000948091e+00 2.000000000000000000e+00
2.297544789934595766e-01 5.099096638516297908e+00 1.000000000000000000e+00
-2.463025958059819054e+00 -2.204837909218050562e+00 3.000000000000000000e+00
-2.382178115360193971e+00 -1.010699380456876906e+00 4.000000000000000000e+00
2.057217677803758082e+00 2.482892928239567532e+00 2.000000000000000000e+00
4.800579553470575966e+00 1.066950089912087396e+00 2.000000000000000000e+00
-5.556682428266300988e+00 -1.149667060392892015e+00 4.000000000000000000e+00
-2.884655003246046512e+00 -1.764617029331877474e+00 3.000000000000000000e+00
-2.490311465867895535e+00 -2.678861976486758945e+00 3.000000000000000000e+00
-1.260376058086875695e+00 3.657342914981996707e+00 1.000000000000000000e+00
-1.918451559711547905e+00 5.490970061077916853e+00 1.000000000000000000e+00
1.262993646334393816e-01 4.733400054905440690e+00 1.000000000000000000e+00
3.951798466775415797e+00 1.740591153002546410e+00 2.000000000000000000e+00
-7.527551322904222353e-01 4.261090987590802293e+00 1.000000000000000000e+00
-2.844599557836069881e+00 -3.062692819837875113e+00 3.000000000000000000e+00
-5.859487269441693513e+00 -1.715898478015732920e+00 4.000000000000000000e+00
-2.633531696612319450e+00 3.561141744040092760e+00 1.000000000000000000e+00
-4.225282069066302881e+00 1.495063329758683501e-02 4.000000000000000000e+00
-2.343815919508543733e+00 -1.024647626273814227e+00 3.000000000000000000e+00
-8.643582963865846125e+00 -1.764143666987610937e+00 4.000000000000000000e+00
-2.050206080789956253e+00 -4.014281864783452169e-01 4.000000000000000000e+00
-2.356295296962136021e+00 3.159362666590638025e+00 1.000000000000000000e+00
1.790856026718522287e+00 2.127556599764338419e+00 2.000000000000000000e+00
-8.976994873131534103e-01 -2.118949443226145313e+00 3.000000000000000000e+00
-2.606197051901873341e+00 3.509089662182125924e+00 1.000000000000000000e+00
-2.064581099922461860e+00 4.947486601687162810e+00 1.000000000000000000e+00
-2.458119530177604872e+00 -8.887191902355888740e-01 4.000000000000000000e+00
-1.321614850435167465e+00 -1.842416950812540311e+00 3.000000000000000000e+00
-2.555635668539277816e+00 5.705030151747382483e+00 1.000000000000000000e+00
-2.834513789283644059e+00 -7.659314159048945525e-01 4.000000000000000000e+00
3.368308862928846903e+00 1.544818794856450683e+00 2.000000000000000000e+00
-1.232360749367255259e+00 3.771130076533020237e-01 4.000000000000000000e+00
-4.461481338004866792e-01 5.198981887482754694e+00 1.000000000000000000e+00
-1.640301072216220790e+00 5.427672948472705095e+00 1.000000000000000000e+00
-4.384365653881532321e-01 4.589756829186783627e+00 1.000000000000000000e+00
-4.528810487805083440e+00 -1.287343355064028527e+00 4.000000000000000000e+00
-5.988097714758983114e-01 3.728153932004341531e+00 1.000000000000000000e+00
-2.042617792919352748e+00 -1.046270658678824628e+00 3.000000000000000000e+00
-4.277278922710714859e+00 -3.324794341280132848e-01 4.000000000000000000e+00
-2.282552390702304201e+00 -5.888386437372026272e+00 3.000000000000000000e+00
3.338060345178851307e+00 3.809952344217581999e-01 2.000000000000000000e+00
3.754408845078200052e+00 1.464032343275107229e+00 2.000000000000000000e+00
-2.067149432176689672e+00 4.762314888974616522e+00 1.000000000000000000e+00
5.050112898283715346e+00 1.291610821805850851e+00 2.000000000000000000e+00
-2.794463747401078724e+00 4.355067663465804095e+00 1.000000000000000000e+00
-4.893581441710277424e-01 -4.999947631718045571e+00 3.000000000000000000e+00
1.872807039085561120e+00 2.300238023908701468e+00 2.000000000000000000e+00
2.944899974151474975e+00 5.358379210542780768e-01 2.000000000000000000e+00
-5.071385872691164032e+00 -1.918275145626239020e+00 4.000000000000000000e+00
-2.481976784725728358e+00 5.501490032263746777e+00 1.000000000000000000e+00
3.919297930411882458e+00 3.390211068593329546e-02 2.000000000000000000e+00
-3.327364443222881718e+00 -3.723678963651645635e+00 3.000000000000000000e+00
-1.319432887615659800e+00 4.412195681319965423e+00 1.000000000000000000e+00
-6.936265665783825085e-01 -3.097981200542871960e+00 3.000000000000000000e+00
-2.120609745946553382e+00 -1.095171596957826843e+00 4.000000000000000000e+00
-2.336352595985552227e+00 2.952105593157052787e+00 1.000000000000000000e+00
-5.732658081290263219e+00 -1.203480553468885716e+00 4.000000000000000000e+00
-3.024279268243825758e-01 4.240072694685045107e+00 1.000000000000000000e+00
-1.960815874059657959e+00 -1.539498963149028565e+00 3.000000000000000000e+00
-2.044352500029118502e+00 -5.518727325972866637e+00 3.000000000000000000e+00
-1.909820608241582285e+00 3.144441001407048297e+00 1.000000000000000000e+00
4.904382941561194365e+00 1.497961576870650680e+00 2.000000000000000000e+00
4.151470829798276085e+00 1.566843076127514944e+00 2.000000000000000000e+00
-1.447627009172181456e+00 -5.613200500792865810e+00 3.000000000000000000e+00
1.489234048289554524e+00 1.433445677943133267e+00 2.000000000000000000e+00
-5.294526196631747617e+00 -4.882196244176101319e-01 4.000000000000000000e+00
-6.084442501378733992e-01 3.249105028064111611e+00 1.000000000000000000e+00
-4.728182813022039355e+00 -1.111591807216824934e+00 4.000000000000000000e+00
-5.940031716558866748e+00 -1.837879658417358453e+00 4.000000000000000000e+00
-1.345755175832115125e+00 -9.100842852269046546e-01 3.000000000000000000e+00
-7.795423622731068036e+00 -1.027198736531960144e+00 4.000000000000000000e+00
-2.491426813435978715e+00 3.658415373796527703e+00 1.000000000000000000e+00
-7.272041784412195398e-01 4.074532889728361695e+00 1.000000000000000000e+00
-5.156927250422468134e+00 -2.315889057828494746e+00 4.000000000000000000e+00
5.046374098003335362e+00 1.542542735133012100e+00 2.000000000000000000e+00
-5.453019939468844335e+00 -1.265173236454624428e+00 4.000000000000000000e+00
5.365000092642741691e+00 1.240058215872944514e+00 2.000000000000000000e+00
-5.614343304671380874e-01 -3.566038460725914128e+00 3.000000000000000000e+00
4.580316891874987917e+00 1.671956366714205888e+00 2.000000000000000000e+00
-1.905604040020992596e+00 -2.209993117701416043e+00 3.000000000000000000e+00
-1.416297694974877341e+00 5.292829920492297724e+00 1.000000000000000000e+00
-2.142314090812149185e+00 3.403560877279439012e+00 1.000000000000000000e+00
-9.958156170035941113e-01 -4.838980600067457338e+00 3.000000000000000000e+00
2.817724112338339193e+00 5.356543755982947630e-01 2.000000000000000000e+00
-1.789193135563324155e+00 -2.862112172444028158e+00 3.000000000000000000e+00
-4.402014528993009712e+00 6.388940184450129234e-01 4.000000000000000000e+00
2.119673854756762843e+00 2.333185575050946703e+00 2.000000000000000000e+00
-5.274579426453436248e-01 5.217411835895397587e+00 1.000000000000000000e+00
-1.040827810226681471e+01 -2.518397297066627516e+00 4.000000000000000000e+00
-3.002634886218658039e-01 3.053161212510131506e+00 1.000000000000000000e+00
2.414662023074644281e+00 1.824588511752009534e+00 2.000000000000000000e+00
-2.728560640774645663e+00 -7.175569727888388982e-01 4.000000000000000000e+00
4.961766980667083438e+00 9.259340352156382181e-01 2.000000000000000000e+00
-1.306310173678911113e+00 -2.512994456453620629e+00 3.000000000000000000e+00
-3.317480952968069108e+00 -1.908005505986883676e+00 4.000000000000000000e+00
4.578469367797113776e+00 8.846769815010295801e-01 2.000000000000000000e+00
-2.880489255590416242e+00 4.518068002554166185e+00 1.000000000000000000e+00
2.941571203706373705e+00 3.572943914213327909e-01 2.000000000000000000e+00
-2.105830522047256181e+00 -3.873901863408267143e+00 3.000000000000000000e+00
-3.475107637483890066e+00 -8.430169686591891809e-01 4.000000000000000000e+00
3.725465740152895222e+00 9.618486648517885484e-01 2.000000000000000000e+00
-2.421108629218941655e+00 2.062165694024276075e-01 4.000000000000000000e+00
4.133120873151375996e+00 1.229214814058467109e+00 2.000000000000000000e+00
6.733931040396756718e-02 4.151771872992958023e+00 1.000000000000000000e+00
-2.327728996605449741e+00 -4.007040233743290436e+00 3.000000000000000000e+00
-3.107432229994318007e+00 -1.192062314806875412e+00 4.000000000000000000e+00
-7.770170247320449253e-01 4.328370541025113205e+00 1.000000000000000000e+00
-6.028454763393643390e+00 -1.554308446223802154e+00 4.000000000000000000e+00
-1.855682150949288678e+00 -2.159943194935807220e+00 3.000000000000000000e+00
-3.015573246810784980e+00 -1.249665409482918710e+00 4.000000000000000000e+00
2.164979759377658297e+00 1.217547616353549245e+00 2.000000000000000000e+00
-3.714513860616777130e+00 -2.630980230969359734e-01 4.000000000000000000e+00
-2.258902245163675104e+00 5.168024035799288818e+00 1.000000000000000000e+00
-2.732736345125401201e+00 -2.450697907049195212e-01 4.000000000000000000e+00
-6.444807961003722330e-01 4.585750556513496612e+00 1.000000000000000000e+00
-1.977901945974507747e+00 -2.358322987020156525e+00 3.000000000000000000e+00
-2.341123619984061488e+00 -3.901077385549290177e+00 3.000000000000000000e+00
-2.068389837335368853e+00 -1.184350942827476105e+00 4.000000000000000000e+00
-3.189416870669480542e+00 -1.805852139676045853e+00 4.000000000000000000e+00
-8.300545879593879128e-01 4.563293935009748559e+00 1.000000000000000000e+00
-6.751949096710566645e-01 4.034726155528804981e+00 1.000000000000000000e+00
4.091960749099986749e+00 1.942430540534834105e+00 2.000000000000000000e+00
-2.434410486180549782e+00 -3.929165494247806034e+00 3.000000000000000000e+00
-3.150166924447105110e+00 2.206464917067052500e-01 4.000000000000000000e+00
-2.421547815155522976e+00 2.918640837413672529e+00 1.000000000000000000e+00
3.118870380792385433e+00 1.489382486312223364e+00 2.000000000000000000e+00
-3.929645600556286755e+00 -3.040395035539422697e-01 4.000000000000000000e+00
2.323435286135106193e+00 7.645860269126246722e-01 2.000000000000000000e+00
-1.662847247538978834e-01 4.803206519747197589e+00 1.000000000000000000e+00
-3.170078349579364740e+00 -3.339046126038019757e+00 3.000000000000000000e+00
-2.219145343203780207e+00 -4.585062807033764010e-01 4.000000000000000000e+00
-4.958815233932087896e-01 4.355289358423021007e+00 1.000000000000000000e+00
-1.517774745857697338e+00 2.546522459082631418e+00 1.000000000000000000e+00
-6.815132106412380431e-02 4.597304440630420430e+00 1.000000000000000000e+00
-1.643545407398677494e+00 2.717644006486085395e+00 1.000000000000000000e+00
-3.462305327589804804e+00 -6.502490750726743762e-01 4.000000000000000000e+00
-9.783250454901306625e-01 -1.477911998441794328e-02 4.000000000000000000e+00
-2.297095389449413716e+00 -7.094004997593348349e-01 4.000000000000000000e+00
-7.532827181672525629e-01 -3.741784753341285352e+00 3.000000000000000000e+00
4.774758542739829359e+00 3.992621835522691676e-02 2.000000000000000000e+00
4.960285284869945244e+00 3.239870441101373455e-01 2.000000000000000000e+00
-2.471134992243896544e+00 3.621630389704996844e+00 1.000000000000000000e+00
-2.214872699987074922e-01 3.422887872980718615e+00 1.000000000000000000e+00
4.236606238705785898e+00 5.958311298292413571e-01 2.000000000000000000e+00
-3.807174606941094996e+00 -1.400427014178070806e+00 4.000000000000000000e+00
2.135118267481987964e+00 1.168213295224512338e+00 2.000000000000000000e+00
-2.874745643608883849e+00 -1.666550630199774785e+00 3.000000000000000000e+00
1.832364586256278072e+00 1.566123431185841852e+00 2.000000000000000000e+00
2.118290382425692009e+00 1.112731588909861014e+00 2.000000000000000000e+00
-2.449468943434108592e+00 -7.077513787996607242e+00 3.000000000000000000e+00
-2.772230513517518702e+00 -8.260099425373084170e-01 4.000000000000000000e+00
-2.785342365688287636e+00 -4.743693588351130863e+00 3.000000000000000000e+00
2.459329316524847542e+00 2.331385698344014656e+00 2.000000000000000000e+00
-3.470575694707584979e-01 4.677163305128851256e+00 1.000000000000000000e+00
-3.672721644875869718e+00 2.092707220049183636e-01 4.000000000000000000e+00
-3.166773212782882929e+00 6.635594584118114092e-01 3.000000000000000000e+00
1.951882257166974721e+00 2.539424312283781848e+00 2.000000000000000000e+00
-1.259547064327868782e+00 -4.810918661628457826e+00 3.000000000000000000e+00
4.505362918155951135e+00 -1.209470146706954630e-01 2.000000000000000000e+00
-4.054711339544041060e+00 -4.338240603080698587e-01 4.000000000000000000e+00
-1.969819367233453189e+00 2.861395531257630687e+00 1.000000000000000000e+00
-2.593343660459936917e+00 -3.951880640654865218e+00 3.000000000000000000e+00
-5.488086404995469181e+00 -1.793072568151562241e+00 4.000000000000000000e+00
-2.070268817146804885e+00 -3.797689407941629014e+00 3.000000000000000000e+00
4.018546557098957805e+00 1.874240975391297415e+00 2.000000000000000000e+00
-1.445737015999605024e+00 -2.665587358400177465e+00 3.000000000000000000e+00
-1.747040097245229351e+00 -2.356829263318400258e+00 3.000000000000000000e+00
-1.856514168709916035e+00 -1.830131324533847970e+00 4.000000000000000000e+00
-2.484331812978848752e+00 1.595715055914261882e-01 4.000000000000000000e+00
-2.386562625285557626e+00 3.715399177917084295e+00 1.000000000000000000e+00
-2.464712935419735906e+00 -3.022501074123658871e+00 3.000000000000000000e+00
-1.997834381138838600e+00 -3.075025153428886604e+00 3.000000000000000000e+00
5.009164933170246137e+00 -7.872896988770650140e-02 2.000000000000000000e+00
4.782497974643099781e+00 -8.099491219861532088e-03 2.000000000000000000e+00
2.387968827443143205e+00 8.939853258146779336e-01 2.000000000000000000e+00
-1.610549674456809299e+00 -4.904035278592817626e+00 3.000000000000000000e+00
4.754333267966592835e+00 1.643121984180847317e+00 2.000000000000000000e+00
-1.204559340569593129e+00 4.684162302922508125e+00 1.000000000000000000e+00
-2.991759832117650841e+00 3.479419279693549250e+00 1.000000000000000000e+00
-5.503822878519098794e+00 1.417651226137930376e-01 4.000000000000000000e+00
-2.436051894371761506e+00 2.950946762396262635e+00 1.000000000000000000e+00
-1.779452348289102481e+00 -3.099164476119995459e-01 4.000000000000000000e+00
1.563285317980460887e+00 6.356359718838010542e-01 2.000000000000000000e+00
-4.729744891552353003e+00 -1.071401061429122281e+00 4.000000000000000000e+00
-2.316130633321679788e+00 -3.644959660032964788e+00 3.000000000000000000e+00
-2.254508068877461024e+00 4.168534233991184834e+00 1.000000000000000000e+00
-5.905458339607928764e+00 -1.447333949930847963e+00 4.000000000000000000e+00
-1.334599435144606883e+00 -4.911523891093146688e+00 3.000000000000000000e+00
-2.153910826341854712e+00 2.800489647004643867e+00 1.000000000000000000e+00
-2.044241227053623877e+00 4.279035738296276925e+00 1.000000000000000000e+00
-1.335980899170122527e+00 -1.532622241186645251e+00 3.000000000000000000e+00
-3.499784391397273708e+00 1.436900523948365649e-01 4.000000000000000000e+00
-8.019201391610770724e-01 -1.968455137965465340e+00 3.000000000000000000e+00
-2.705743017161921227e+00 3.915607981905739443e+00 1.000000000000000000e+00
-3.258459620047527316e+00 -1.224471090002354767e+00 4.000000000000000000e+00
-4.115256841170349844e+00 2.714699187765308164e-01 4.000000000000000000e+00
-6.034176744424474492e+00 -2.194321760079173345e+00 4.000000000000000000e+00
4.478704240148618787e+00 7.563659437522469720e-01 2.000000000000000000e+00
-4.421513840875502588e+00 -1.650885086688267833e+00 4.000000000000000000e+00
1.609497413246159914e+00 1.616065511365038176e+00 2.000000000000000000e+00
1.771114416185611384e+00 2.610452422695487940e+00 2.000000000000000000e+00
-1.752503877406669019e+00 -1.997262663676009797e+00 4.000000000000000000e+00
-1.952101002559860410e+00 4.954175597803009090e+00 1.000000000000000000e+00
-1.044434993084808916e+00 -3.040664528021243651e+00 3.000000000000000000e+00
4.025898867792523816e+00 7.437185535276137349e-01 2.000000000000000000e+00
-1.769964916187554138e+00 1.222048822337599816e+00 3.000000000000000000e+00
-5.846648287185173487e+00 -1.534566636216677882e+00 4.000000000000000000e+00
3.072690912826715692e+00 2.220242249594746475e+00 2.000000000000000000e+00
-4.642753567305062390e+00 -1.487526243806040815e+00 4.000000000000000000e+00
-4.100959987023696129e+00 -1.433312660673880634e+00 4.000000000000000000e+00
5.178551874621379447e+00 8.212527360902870388e-01 2.000000000000000000e+00
-2.632604943122940799e+00 -4.498753940605013213e+00 3.000000000000000000e+00
1.826990543525310873e+00 6.074967627765193168e-01 2.000000000000000000e+00
-2.973697431972002647e+00 -4.709199002672032286e+00 3.000000000000000000e+00
-1.630219314448307255e+00 -9.716046800282063245e-01 4.000000000000000000e+00
-2.235908351915143477e-01 5.101532472860720091e+00 1.000000000000000000e+00
-5.032941865769867462e+00 -9.312190184219892863e-01 4.000000000000000000e+00
-2.806538053380560171e+00 -4.264250709110044113e+00 3.000000000000000000e+00
-1.410666862427133461e-01 3.610403089982869851e+00 1.000000000000000000e+00
-7.757524980930448066e-01 2.653531905426629756e+00 1.000000000000000000e+00
-1.848681047020709123e+00 7.331605293608345342e-02 4.000000000000000000e+00
-2.060543560140685848e+00 -2.099606857701669327e+00 3.000000000000000000e+00
3.352935227992104750e+00 2.243041334743796078e-01 2.000000000000000000e+00
-6.505235700249381026e-01 2.519530990471090526e+00 1.000000000000000000e+00
-1.744263808566778540e+00 -2.061320494475916476e+00 3.000000000000000000e+00
-1.076894728364666598e+00 -1.699656913130664027e+00 4.000000000000000000e+00
-2.274024100328733589e+00 -2.068844493116898331e+00 3.000000000000000000e+00
4.250344379450995191e+00 1.465408963376990004e+00 2.000000000000000000e+00
-2.211488657955856141e+00 -4.487074117052508582e-01 4.000000000000000000e+00
-5.156415852607453276e-01 2.487430585916121650e+00 1.000000000000000000e+00
-3.062924555678341321e+00 -1.590608232865327487e+00 4.000000000000000000e+00
4.404012435706850859e+00 1.270676055018296058e-01 2.000000000000000000e+00
2.194250324363291593e+00 1.832139702115706426e+00 2.000000000000000000e+00
1.851664389222432927e+00 1.035058693760966042e+00 2.000000000000000000e+00
2.398434260259953987e+00 2.153468373950861547e+00 2.000000000000000000e+00
-1.571388005413068001e+00 1.361294430495891827e-01 4.000000000000000000e+00
-2.275132042891887529e-01 4.717153295985187178e+00 1.000000000000000000e+00
-2.202202241629116486e+00 -2.333713055483421783e-02 3.000000000000000000e+00
-2.652901063162778961e+00 4.929618783500515633e+00 1.000000000000000000e+00
-5.688548049165254916e+00 -1.477768344625506769e+00 4.000000000000000000e+00
-6.441424218646374378e+00 -1.261247541446796294e+00 4.000000000000000000e+00
-2.074709993653448326e+00 -3.924243629123099097e+00 3.000000000000000000e+00
-1.484609638278921118e+00 -3.014672737392448898e+00 3.000000000000000000e+00
-2.264050345075089066e+00 2.829157772181853936e+00 1.000000000000000000e+00
-2.673969364398106840e+00 3.605633621439470193e+00 1.000000000000000000e+00
-5.257231351617274839e+00 -1.083566248142960653e+00 4.000000000000000000e+00
-1.828125029283537373e+00 5.621590934166325049e-01 3.000000000000000000e+00
4.818940883760590488e+00 1.870427875100204584e-01 2.000000000000000000e+00
4.391105289964021274e+00 6.840605724094968032e-01 2.000000000000000000e+00
5.136783915040840753e+00 9.151471921527749576e-01 2.000000000000000000e+00
1.756678802547760210e+00 2.079227702105862718e+00 2.000000000000000000e+00
-1.763969458346291486e+00 -3.051208800691484591e+00 3.000000000000000000e+00
2.935155986976525355e-01 1.655308988542754101e-01 4.000000000000000000e+00
-6.226234545485120897e-02 4.791646254390344417e+00 1.000000000000000000e+00
-2.773946446720815473e+00 -1.578011829646979391e+00 4.000000000000000000e+00
-1.194985489591275485e+00 2.888392915332966382e+00 1.000000000000000000e+00
-1.664925009330724626e+00 -4.688598144875703255e+00 3.000000000000000000e+00
-1.777387391586508159e+00 4.095679327121136026e+00 1.000000000000000000e+00
-2.279367916074401812e+00 5.161044265351193872e+00 1.000000000000000000e+00
-1.378413161494929540e+00 4.146640626515468497e+00 1.000000000000000000e+00
-1.695768511260080214e+00 4.643882521613591940e+00 1.000000000000000000e+00
-2.510877097094245336e+00 -1.252634459589212934e+00 4.000000000000000000e+00
-1.085148721958353324e-01 4.238149733725499857e+00 1.000000000000000000e+00
2.870674654959038286e+00 1.406788318491139833e+00 2.000000000000000000e+00
-2.940154532323699499e+00 -1.847050037788815491e+00 4.000000000000000000e+00
-3.326379220234069845e+00 -4.222690768821185436e+00 3.000000000000000000e+00
3.013619586635161607e+00 1.195517088677898077e+00 2.000000000000000000e+00
-1.100380087757999004e+00 -3.157191346078362937e+00 3.000000000000000000e+00
2.525733670315357671e+00 5.315106465466659103e-01 2.000000000000000000e+00
-2.753624780598413757e+00 -5.172990795537192321e-01 4.000000000000000000e+00
-4.894227360997026821e+00 -3.150193881565488407e-01 4.000000000000000000e+00
-3.871803142611608628e+00 -3.242349322498516706e-01 4.000000000000000000e+00
1.821602687403568011e+00 6.553806228070617745e-01 2.000000000000000000e+00
1.506569524269226745e+00 1.150330253783137024e+00 2.000000000000000000e+00
4.960690468055285685e+00 1.682702339304196881e+00 2.000000000000000000e+00
-1.297532026164369690e+00 3.738524399679759469e+00 1.000000000000000000e+00
-2.101134064659928136e+00 -4.831817462421065024e+00 3.000000000000000000e+00
-2.532917593987318305e+00 -4.569914923395050010e+00 3.000000000000000000e+00
-1.369468409907935946e+00 3.427253910822797955e+00 1.000000000000000000e+00
4.832414004541583985e+00 -8.019837328696666212e-02 2.000000000000000000e+00
-9.085212529518265079e-01 -5.150730976246882697e+00 3.000000000000000000e+00
-5.217733301295989001e+00 -1.964136259830437048e+00 4.000000000000000000e+00
4.572582731424580160e+00 4.065501109543232516e-01 2.000000000000000000e+00
-2.404842484862326213e+00 3.291967351666909902e+00 1.000000000000000000e+00
-2.362738690669216712e+00 -4.468322143758842735e+00 3.000000000000000000e+00
-1.115802720341671384e+00 5.069948847087798249e+00 1.000000000000000000e+00
-2.792926936328116838e+00 -2.920164945929124567e-01 4.000000000000000000e+00
2.971210665841290677e+00 5.360827710090543263e-01 2.000000000000000000e+00
2.315872522101198427e+00 1.394686637133266238e+00 2.000000000000000000e+00
-6.079399511571947023e+00 -2.498972216582941108e+00 4.000000000000000000e+00
-2.642928846071010085e+00 -3.229044888201106023e+00 3.000000000000000000e+00
-2.988492241823209383e+00 -1.923471544409352862e+00 4.000000000000000000e+00
4.482614961690653210e+00 3.060709081865589098e-01 2.000000000000000000e+00
-1.481536912412650064e+00 -1.718654684078392281e+00 3.000000000000000000e+00
-2.995500603265847328e+00 3.906215760851126984e+00 1.000000000000000000e+00
-2.723702249279805532e+00 2.940343780500842108e+00 1.000000000000000000e+00
5.137425982015922266e+00 1.359482944141386040e+00 2.000000000000000000e+00
-2.978410694847611673e+00 -3.768036271066946608e+00 3.000000000000000000e+00
-2.835263788461514167e+00 3.200518753409710371e+00 1.000000000000000000e+00
-2.684634691498561931e+00 -7.186076311297393548e-01 4.000000000000000000e+00
4.853345798532532562e+00 1.473412982450948316e+00 2.000000000000000000e+00
-1.163837788567644305e+00 5.109968439762793579e+00 1.000000000000000000e+00
3.086343533427422958e+00 2.264968310673243668e+00 2.000000000000000000e+00
-2.142796207236201234e+00 4.090792631305038896e+00 1.000000000000000000e+00
2.105596892766403272e+00 1.253545330275661396e+00 2.000000000000000000e+00
-2.137117681506981004e+00 2.791257405917479950e+00 1.000000000000000000e+00
3.112751655745404467e+00 1.707242425420625542e+00 2.000000000000000000e+00
-1.347546980548462781e+00 4.721430897214941247e+00 1.000000000000000000e+00
-2.857241671525295956e+00 4.491640350962518902e+00 1.000000000000000000e+00
-2.065656655646275208e+00 -2.544576067592254631e+00 3.000000000000000000e+00
-1.970653625788755914e+00 2.651198285931479770e+00 1.000000000000000000e+00
-2.185288716604174120e+00 3.041141870545331471e+00 1.000000000000000000e+00
-1.475147699791066858e+00 4.919345601433262161e+00 1.000000000000000000e+00
-7.776203155370793318e-01 -1.643153926109297558e+00 4.000000000000000000e+00
-1.524062167125411316e+00 4.109835009957518714e+00 1.000000000000000000e+00
4.416487951870003315e+00 1.038358923153057001e+00 2.000000000000000000e+00
-3.048150800854647624e+00 -6.307233340924606191e-01 4.000000000000000000e+00
2.009665695635430183e+00 2.113524071252654402e+00 2.000000000000000000e+00
-9.936127011659934283e-01 -5.543537990948397720e+00 3.000000000000000000e+00
-4.743317381884557982e+00 -2.041174586779617606e+00 4.000000000000000000e+00
-4.531216631342969592e+00 -1.581171174267219648e+00 4.000000000000000000e+00
2.892035007905116473e+00 3.873015246835945780e-01 2.000000000000000000e+00
-5.038928128005981222e+00 -2.174521855103347612e+00 4.000000000000000000e+00
-9.901006494379092082e-01 4.844529907611511810e+00 1.000000000000000000e+00
3.375621758967505048e+00 4.412378671848640188e-01 2.000000000000000000e+00
-3.194657724942631560e+00 -1.347614131680306304e+00 4.000000000000000000e+00
2.670358571350803345e+00 1.861758853217482024e+00 2.000000000000000000e+00
-5.455184828966974653e-01 4.491335911303247386e+00 1.000000000000000000e+00
4.477137362742264592e+00 2.202466629742283466e-02 2.000000000000000000e+00
-7.670120659940283803e-01 3.383362402626658660e+00 1.000000000000000000e+00
-8.265139411744143461e-01 4.129699877668951302e+00 1.000000000000000000e+00
4.129158204403752030e+00 1.295551362391818007e+00 2.000000000000000000e+00
-4.834567960466360503e+00 -3.993230817376868247e-01 4.000000000000000000e+00
1.978317415205738339e+00 7.114957733402527129e-01 2.000000000000000000e+00
-2.030931669456381261e+00 -2.884757038526681860e-01 4.000000000000000000e+00
-2.021028663943233106e+00 4.121284427357935876e+00 1.000000000000000000e+00
-1.280615752034163446e+00 4.165960615341700368e+00 1.000000000000000000e+00
5.018627202917192776e+00 1.360819890063885484e+00 2.000000000000000000e+00
3.297033677431465470e+00 8.609950832667387921e-01 2.000000000000000000e+00
3.401439245304790582e+00 1.594766555017820941e+00 2.000000000000000000e+00
-5.415243231872345575e+00 -1.514668297509991657e+00 4.000000000000000000e+00
-2.553244863795835151e+00 -1.608129036455153260e+00 3.000000000000000000e+00
-2.416866404612726615e+00 3.775928430538950664e+00 1.000000000000000000e+00
-1.074752395306534769e+00 -5.165406833666970954e+00 3.000000000000000000e+00
-5.118742107634095539e-01 2.438096949788659096e+00 1.000000000000000000e+00
-4.935252169326095562e+00 -1.626413608346734652e+00 4.000000000000000000e+00
-2.049344791836725577e+00 -1.028653820333197855e+00 3.000000000000000000e+00
1.248806782970857121e-01 4.880252302237058082e+00 1.000000000000000000e+00
3.088840285266011954e+00 1.110861530717974777e+00 2.000000000000000000e+00
-2.168670786587726607e+00 -4.848368788377852567e+00 3.000000000000000000e+00
-2.796402812188601317e+00 3.153504103508189438e+00 1.000000000000000000e+00
-8.286755927674491318e+00 -2.141684241285207513e+00 4.000000000000000000e+00
-2.476582683176448363e+00 -1.173126760836204818e+00 3.000000000000000000e+00
3.666900590781798641e+00 1.944856814673942669e+00 2.000000000000000000e+00
3.936205299633989352e+00 2.218484607721494806e-01 2.000000000000000000e+00
4.393408772353554426e+00 4.917124858457719849e-01 2.000000000000000000e+00
2.100462547802666613e+00 1.288501399242961698e+00 2.000000000000000000e+00
-3.119158748187986774e+00 -3.175669181582012168e+00 3.000000000000000000e+00
-2.773312990128906197e+00 4.627174799163802810e+00 1.000000000000000000e+00
-4.192519415433460850e+00 -2.736499445590563795e+00 4.000000000000000000e+00
-2.068953634270363828e+00 -4.454524638936507408e+00 3.000000000000000000e+00
2.565877581156502441e+00 2.238775854002417187e+00 2.000000000000000000e+00
-3.931562908608763340e-01 3.642631458965776226e+00 1.000000000000000000e+00
2.853272905158072525e+00 8.511468127104578896e-01 2.000000000000000000e+00
-3.203956588336510647e-01 4.039877673950704740e+00 1.000000000000000000e+00
-2.520877054583573695e+00 -4.351550320667805227e-01 4.000000000000000000e+00
-1.848428082530014116e+00 -2.713357423752079889e+00 3.000000000000000000e+00
-1.962854469498499954e+00 5.020828659100144975e+00 1.000000000000000000e+00
4.802097245933213188e+00 6.562675619584510400e-01 2.000000000000000000e+00
4.995536654484933337e+00 4.103234648619982217e-01 2.000000000000000000e+00
-1.882785194611150903e+00 3.752255273158867865e+00 1.000000000000000000e+00
-3.276725955538500656e+00 -1.063509474171962177e+00 4.000000000000000000e+00
-2.349727180910644808e+00 3.565579569548829486e+00 1.000000000000000000e+00
-1.660319350457677423e+00 -1.231482985640951267e+00 4.000000000000000000e+00
-1.449135606655555852e+00 4.629965209561517803e+00 1.000000000000000000e+00
4.420355058082729549e+00 8.302234349460588803e-01 2.000000000000000000e+00
-2.849216721501022231e+00 4.685897645658546828e+00 1.000000000000000000e+00
-4.371910371093895797e+00 -3.165192895767058312e-01 4.000000000000000000e+00
-4.892806311990343104e+00 -1.209762497962960204e+00 4.000000000000000000e+00
-2.337798627141340013e+00 -1.314378759414108755e-01 4.000000000000000000e+00
2.722427044916169159e+00 8.535728014204501113e-01 2.000000000000000000e+00
4.466553083712811123e+00 1.392449677567144217e+00 2.000000000000000000e+00
-1.879549168664868208e+00 -6.045486609201121908e+00 3.000000000000000000e+00
-3.159333455710868321e+00 -2.056486828994101401e+00 3.000000000000000000e+00
-4.494427434871718363e-01 2.969566075736307820e+00 1.000000000000000000e+00
-4.582973742086072555e+00 -1.545926839041825929e+00 4.000000000000000000e+00
-1.813603795539892705e+00 -1.476746830665466970e+00 3.000000000000000000e+00
-1.366572108393224960e+00 3.161507687633749786e+00 1.000000000000000000e+00
-4.501637743483970056e+00 -1.792415913212792589e+00 4.000000000000000000e+00
-2.304683608050100752e+00 -2.973770688908933479e+00 3.000000000000000000e+00
-2.967463083862242890e+00 4.200300274402550826e+00 1.000000000000000000e+00
-2.818254171410242925e+00 -2.263249574602065106e+00 3.000000000000000000e+00
-3.709675823265751182e-01 2.799460720978557582e+00 1.000000000000000000e+00
-2.099725594711598031e+00 -3.458521064294262537e+00 3.000000000000000000e+00
-1.913740890722586574e+00 3.107668328219641118e+00 1.000000000000000000e+00
-4.225959999924039145e+00 -1.326584214304508125e+00 4.000000000000000000e+00
-1.859414277000372095e+00 3.123310553707856485e+00 1.000000000000000000e+00
-4.375127170622412187e+00 -4.392415438753927148e-01 4.000000000000000000e+00
-2.345735885611223814e+00 4.480111873675257428e+00 1.000000000000000000e+00
-1.992982507368745271e+00 4.168927332553683307e+00 1.000000000000000000e+00
-2.230504770531532621e+00 -3.955834103771257659e+00 3.000000000000000000e+00
-3.505897687537480323e+00 -1.010026298258318356e+00 4.000000000000000000e+00
2.235227182309926341e+00 2.218596414070330258e+00 2.000000000000000000e+00
-1.952382584390602638e+00 4.255489605376039819e+00 1.000000000000000000e+00
-2.065601444158707167e+00 -2.917279920271629301e-01 4.000000000000000000e+00
-1.648796934953048909e+00 -4.220242142052659240e+00 3.000000000000000000e+00
-1.414128813504833104e+00 4.718605558437497294e+00 1.000000000000000000e+00
-2.693418182932297178e+00 3.689032218678461650e+00 1.000000000000000000e+00
-1.767747023914957527e+00 -1.655427923021593584e+00 3.000000000000000000e+00
3.091840551549899896e+00 3.235326250093822908e-01 2.000000000000000000e+00
-8.073037088172312359e-01 5.188370528004471183e+00 1.000000000000000000e+00
-3.797537165434901940e+00 3.266640586590832118e-01 4.000000000000000000e+00
-3.816790701566990407e+00 -1.531600291351382648e+00 4.000000000000000000e+00
-1.695969439233404152e+00 -3.511119181243826048e+00 3.000000000000000000e+00
-2.362355230645787341e-01 4.361278962705487316e+00 1.000000000000000000e+00
-6.393970761599726771e+00 -1.569978278422750506e+00 4.000000000000000000e+00
-3.706730329135213164e+00 -3.645299839825737465e-01 4.000000000000000000e+00
2.598578698989277846e+00 6.096175105641866709e-01 2.000000000000000000e+00
1.069494432454485278e-01 4.873369876983142390e+00 1.000000000000000000e+00
5.309547488077003941e+00 1.273487549188390133e+00 2.000000000000000000e+00
3.382002141167423037e+00 9.637417947144438779e-01 2.000000000000000000e+00
2.501774132355828684e+00 6.210981993299226067e-01 2.000000000000000000e+00
-1.051455568799220419e+00 3.264928777596108223e+00 1.000000000000000000e+00
-2.823694169689440869e+00 -1.294381657333766533e+00 4.000000000000000000e+00
-1.565488789454031693e+00 -2.100918454761500520e+00 3.000000000000000000e+00
-2.816151995000216068e+00 -3.582141103807592319e+00 3.000000000000000000e+00
2.418105964397097907e+00 1.201062337994661444e+00 2.000000000000000000e+00
-4.112920025183725237e+00 3.889602586940166251e-01 4.000000000000000000e+00
-3.370468188316948499e+00 -1.469808374017660402e+00 4.000000000000000000e+00
-4.569770889737657660e-01 3.264928107428386905e+00 1.000000000000000000e+00
-2.347129724711324084e+00 -2.891909283462965607e+00 3.000000000000000000e+00
4.162340534241091738e+00 1.436495282139249152e+00 2.000000000000000000e+00
-2.427276537431776404e+00 -1.751392677186652147e+00 4.000000000000000000e+00
-4.309713192215194333e-01 4.330815927978890478e+00 1.000000000000000000e+00
-4.180200207336023155e+00 -1.033100586767297102e+00 4.000000000000000000e+00
-3.033026754041855177e+00 3.733185086115399010e+00 1.000000000000000000e+00
-1.191137478264034266e+00 -1.025714617333790768e+00 3.000000000000000000e+00
-2.137327914764491688e+00 -4.309960882490551981e+00 3.000000000000000000e+00
-3.524021660999927530e+00 -5.049847241765187178e+00 3.000000000000000000e+00
-2.659450555283821238e+00 -8.511021978500936669e-01 3.000000000000000000e+00
-1.042245524949971358e+00 -3.033475434689270944e+00 3.000000000000000000e+00
-1.913195102476412890e+00 -2.319661025417983247e+00 3.000000000000000000e+00
2.602137481839740030e+00 1.510080423181421327e+00 2.000000000000000000e+00
-2.749730928428106402e+00 2.662051706522192696e-01 3.000000000000000000e+00
-4.229078944483219971e+00 -1.688022339710952613e+00 4.000000000000000000e+00
-2.543551823236901210e+00 -9.187065888681523740e-01 4.000000000000000000e+00
-5.508687458070954390e-01 2.857970890050090418e+00 1.000000000000000000e+00
4.888876632134596889e+00 8.115081511571640149e-01 2.000000000000000000e+00
4.616397688926499043e+00 7.753299483985438556e-01 2.000000000000000000e+00
3.047326849922979086e+00 1.287927187388415939e+00 2.000000000000000000e+00
-7.176691315992076881e+00 -2.278357552753800697e+00 4.000000000000000000e+00
5.020112164510596386e+00 9.892485460528679386e-01 2.000000000000000000e+00
-2.961733312208250979e+00 -6.734339641371709817e+00 3.000000000000000000e+00
4.688991496832752404e+00 3.980402923489390066e-01 2.000000000000000000e+00
-3.680433379471762745e+00 -7.977459002929760956e-01 4.000000000000000000e+00
-2.357319736488957762e+00 -2.175181499649944783e+00 3.000000000000000000e+00
-5.374100121188337020e+00 -2.317667758953272372e-01 4.000000000000000000e+00
2.609050970199090713e+00 1.994913097559928072e+00 2.000000000000000000e+00
-8.562592128370243305e-01 3.244497615951376535e+00 1.000000000000000000e+00
-2.302316839428457218e+00 5.122369891903131744e+00 1.000000000000000000e+00
-2.871433158136623032e+00 -5.950347886244928830e-01 3.000000000000000000e+00
-1.355029765002307318e+00 3.336441346646933148e+00 1.000000000000000000e+00
-1.365599695465236962e+00 4.695906952789345112e+00 1.000000000000000000e+00
2.067215755872865213e+00 1.332191395716200599e+00 2.000000000000000000e+00
-9.112810027173794403e-01 5.023081188117590301e+00 1.000000000000000000e+00
2.026323838304461056e+00 7.819563424130190343e-01 2.000000000000000000e+00
-1.816847926614473252e+00 -4.031081985168534665e+00 3.000000000000000000e+00
-4.385943288694286402e+00 -9.242485319449873504e-01 4.000000000000000000e+00
-2.028654495655510814e+00 -4.019186116777838436e+00 3.000000000000000000e+00
-2.888755519493307222e+00 -2.202097998336007389e+00 3.000000000000000000e+00
-1.266750391179761737e+00 5.352201863478414090e+00 1.000000000000000000e+00
-1.532688039457297702e+00 -6.465068069350812685e+00 3.000000000000000000e+00
-1.236422340782677542e+00 -2.562582451993690835e+00 3.000000000000000000e+00
1.651854379502092574e+00 1.795912922025017622e+00 2.000000000000000000e+00
-3.183828941779489607e+00 -1.309158540303584584e+00 4.000000000000000000e+00
-3.856713949116310935e+00 6.688787889910230433e-03 4.000000000000000000e+00
-4.649703774250932398e+00 -1.444634582485208485e+00 4.000000000000000000e+00
2.159483146261022668e+00 2.211293870577720533e+00 2.000000000000000000e+00
-4.166556607878406648e-01 4.895704840468973806e+00 1.000000000000000000e+00
2.741829113964746156e+00 1.275018682559877714e+00 2.000000000000000000e+00
-2.465144036783453174e+00 -1.819555556043813915e+00 4.000000000000000000e+00
-2.172726904404401527e+00 -8.579678710995750635e-01 3.000000000000000000e+00
-3.297502898055517218e+00 -2.868567535546792335e+00 3.000000000000000000e+00
4.969578574932535631e+00 2.073835297587669491e-01 2.000000000000000000e+00
-1.414091814599476749e+00 -3.976426038122261586e-01 4.000000000000000000e+00
-2.573491154338070519e+00 1.669481013172127604e+00 3.000000000000000000e+00
5.067704661858593695e+00 3.877292752388195041e-02 2.000000000000000000e+00
-1.095500933252079090e+00 -3.881779855171120897e+00 3.000000000000000000e+00
-5.154735527729427780e+00 -1.654314257459432724e-01 4.000000000000000000e+00
-1.965318152544766273e+00 4.508428690187736620e+00 1.000000000000000000e+00
2.004447295607207913e+00 6.177685067320869416e-01 2.000000000000000000e+00
-6.100767776637461282e+00 -7.365017768400956566e-01 4.000000000000000000e+00
-1.300432471475013063e+00 -8.950381852831947871e-01 4.000000000000000000e+00
2.709260275354550718e+00 1.521513539640564794e+00 2.000000000000000000e+00
2.001362006300404950e+00 2.294807210566005562e+00 2.000000000000000000e+00
-8.125094952724157826e-01 3.173839028626607828e+00 1.000000000000000000e+00
3.769559164234259185e+00 1.794920422742551480e+00 2.000000000000000000e+00
-6.889259864224346330e+00 -9.521484539098883371e-01 4.000000000000000000e+00
1.465777451367989093e+00 1.221735544944553276e+00 2.000000000000000000e+00
-2.762340763315664027e+00 3.884201774863067058e+00 1.000000000000000000e+00
-3.548312118474520549e+00 -1.816325689706139723e+00 4.000000000000000000e+00
-1.459468721508716760e+00 4.905919640425599582e+00 1.000000000000000000e+00
-4.612998113049119553e+00 -1.325847129768587651e+00 4.000000000000000000e+00
-1.145988401809091561e+00 2.460090687859161740e+00 1.000000000000000000e+00
-1.247249326252822144e+00 -1.811026325444234253e+00 3.000000000000000000e+00
-3.175452232145595799e-01 2.852869746130745732e+00 1.000000000000000000e+00
1.610158740783639519e+00 1.632922016253343989e+00 2.000000000000000000e+00
-3.412424491048882125e-01 2.950921069195159951e+00 1.000000000000000000e+00
-2.838045563258477344e+00 -4.309008851677051055e+00 3.000000000000000000e+00
-6.034584016763490766e+00 -1.278027505168756850e+00 4.000000000000000000e+00
-1.633258071246141085e+00 -1.417838728919141422e+00 4.000000000000000000e+00
-3.099803284071112053e+00 -1.538001133914833840e+00 4.000000000000000000e+00
-2.186876324535323768e+00 -6.668760769036146119e-01 4.000000000000000000e+00
-7.087018860235319018e-01 5.256421547206297618e+00 1.000000000000000000e+00
-2.838984948238676864e+00 -1.606480487144812175e+00 3.000000000000000000e+00
-6.307453364971927101e+00 -1.196044836820036927e+00 4.000000000000000000e+00
3.944017611354174946e+00 1.802148528564547769e+00 2.000000000000000000e+00
-1.324459055517849482e+00 3.937479960756888886e+00 1.000000000000000000e+00
4.201183701752217559e+00 1.573587347982506657e+00 2.000000000000000000e+00
-1.582206336761970311e+00 5.381601276982893367e+00 1.000000000000000000e+00
-9.799447827037011116e-01 5.563421846094849244e-01 4.000000000000000000e+00
2.067205838824999198e+00 8.395772152702563051e-01 2.000000000000000000e+00
-1.078322875416756421e+00 -4.791336050272854141e-01 4.000000000000000000e+00
-1.061938056814082376e+00 5.085212005705280980e+00 1.000000000000000000e+00
-2.782995370658014611e+00 2.828247986662926206e+00 1.000000000000000000e+00
-5.221119046115649809e+00 -5.847322670400469935e-01 4.000000000000000000e+00
-2.326058682692133228e+00 -4.289655721924390264e-02 3.000000000000000000e+00
-1.081979630378055557e+00 -4.509279237880013724e+00 3.000000000000000000e+00
-5.397041031104974351e+00 -1.942173669132154057e+00 4.000000000000000000e+00
4.798279095255231219e+00 1.131876211376244834e+00 2.000000000000000000e+00
-2.593630775262523169e+00 4.245339697586418382e+00 1.000000000000000000e+00
3.434274069583570732e+00 6.632026494263962846e-01 2.000000000000000000e+00
-1.780027406542721069e+00 -4.130399544713326598e+00 3.000000000000000000e+00
-9.211591862813111042e-01 2.549415995905857990e+00 1.000000000000000000e+00
-2.725882396164874599e+00 -4.320837952510383495e-01 3.000000000000000000e+00
3.818767865776630188e+00 1.011070430001695941e+00 2.000000000000000000e+00
-3.351421125333375439e+00 -1.930915185066421236e+00 3.000000000000000000e+00
2.062353488334240037e+00 1.485438352793011507e+00 2.000000000000000000e+00
-2.909671896863562424e+00 3.022830254089886370e+00 1.000000000000000000e+00
-3.250791708230646115e+00 -2.083538164111848001e+00 4.000000000000000000e+00
-3.380871903019887270e+00 -3.739995135830481487e+00 3.000000000000000000e+00
-1.438053809467667143e+00 -7.428598717618287717e-01 4.000000000000000000e+00
-3.926140304421379401e+00 -3.949611311225970089e-01 4.000000000000000000e+00
-2.291366600307449541e+00 -3.202096711034575716e+00 3.000000000000000000e+00
-2.939846519070757225e+00 -1.722839454755242805e-01 4.000000000000000000e+00
-6.463181748017300388e-01 2.815469696590654269e+00 1.000000000000000000e+00
-5.245355494823924936e+00 -1.040254860112080015e+00 4.000000000000000000e+00
3.292049790318454239e+00 1.646689457643422339e+00 2.000000000000000000e+00
-8.522129733125813900e-01 2.317873769104912274e-01 4.000000000000000000e+00
-6.986987817035210657e-01 4.830665027385321331e+00 1.000000000000000000e+00
3.384065178982845090e+00 9.735645547602416183e-01 2.000000000000000000e+00
-1.273470187995018099e+00 5.348685652835463600e+00 1.000000000000000000e+00
5.202995134405576039e+00 1.537193251936777250e+00 2.000000000000000000e+00
-1.824605018514521504e+00 -4.494054300759346532e+00 3.000000000000000000e+00
-2.221424402375927531e+00 4.667519834637391618e+00 1.000000000000000000e+00
1.662656830494418037e+00 7.950354154266001672e-01 2.000000000000000000e+00
3.980137691468876859e+00 1.752393494850811750e+00 2.000000000000000000e+00
-4.243851989584389583e-01 2.760398170759825742e+00 1.000000000000000000e+00
-2.629758521983578845e+00 5.531053788032750163e+00 1.000000000000000000e+00
-1.237369469490920748e+00 4.124065877581850614e+00 1.000000000000000000e+00
-2.203263362491055588e+00 -6.345416737247461469e+00 3.000000000000000000e+00
-8.316177144271710286e-01 -3.314432083840288978e+00 3.000000000000000000e+00
-1.864185811912475677e+00 2.812953895838925078e+00 1.000000000000000000e+00
1.892920678914850052e+00 1.141663097776752789e+00 2.000000000000000000e+00
-1.360076804361821656e+00 3.116449715824149536e+00 1.000000000000000000e+00
2.461971433528173936e+00 1.205705754806231766e+00 2.000000000000000000e+00
-1.796307836436423777e+00 -7.126762415542818863e-01 4.000000000000000000e+00
1.628488116861024793e+00 1.812301062121841166e+00 2.000000000000000000e+00
-4.975396283865391567e+00 -1.035517742781805639e+00 4.000000000000000000e+00
3.064016497858305321e+00 1.860686868162521268e+00 2.000000000000000000e+00
-2.197824303852046857e+00 -3.485092180854323818e+00 3.000000000000000000e+00
-4.653860952698558151e+00 -1.415477187249621238e+00 4.000000000000000000e+00
2.472497419139624064e+00 2.388808368472248311e+00 2.000000000000000000e+00
-7.193875282633819257e-01 4.313180735287340362e+00 1.000000000000000000e+00
-2.782733543443067337e+00 -2.392981480513489689e-01 4.000000000000000000e+00
-4.182378725956492183e+00 -1.356076507860320302e+00 4.000000000000000000e+00
-3.018561502251622564e+00 -1.409990615181808682e+00 4.000000000000000000e+00
-1.175124042875578922e+00 6.131891014284907016e-03 3.000000000000000000e+00
-2.642891804706936298e+00 4.809158383708546758e+00 1.000000000000000000e+00
-1.538384513901594364e+00 3.476161993713604126e+00 1.000000000000000000e+00
-4.227088741850741904e+00 -1.597060987494777873e+00 4.000000000000000000e+00
3.484870068652785591e+00 9.229390642592742999e-01 2.000000000000000000e+00
-1.351544031156556080e+00 -5.372593630619514116e+00 3.000000000000000000e+00
-6.030217840463906853e+00 -4.444581440813419881e-01 4.000000000000000000e+00
-1.809506949712902157e+00 -4.474216161110350143e+00 3.000000000000000000e+00
1.821009769270031109e+00 1.488946188301186080e+00 2.000000000000000000e+00
1.439242836392960134e+00 7.599918300807486649e-01 2.000000000000000000e+00
5.128865042624286552e+00 9.690715274393513212e-02 2.000000000000000000e+00
3.795560038204050191e+00 8.822234351314904854e-01 2.000000000000000000e+00
-1.888864570303776524e+00 3.319094033479598416e+00 1.000000000000000000e+00
-1.223901217107122630e+00 -4.695659133905081717e+00 3.000000000000000000e+00
-7.773016088627267006e-01 5.010593673170333773e+00 1.000000000000000000e+00
3.480662079168746814e+00 1.058286522646393113e+00 2.000000000000000000e+00
-2.328407246034528200e+00 -1.855577304977530151e+00 3.000000000000000000e+00
-1.146809946460456420e+00 -3.472275192205729333e+00 3.000000000000000000e+00
-2.133872406130079113e+00 -4.695959747466139644e-01 4.000000000000000000e+00
5.034255849478918243e+00 1.017610504810293470e+00 2.000000000000000000e+00
5.428567249336486711e+00 1.469028929761138524e+00 2.000000000000000000e+00
-1.544051195182209346e+00 -1.664217974684395696e+00 3.000000000000000000e+00
-1.667420028375963259e+00 5.596982384129760568e+00 1.000000000000000000e+00
-1.917186495208327734e+00 3.049611131774634831e+00 1.000000000000000000e+00
1.729048129826447511e+00 1.885354767487829930e+00 2.000000000000000000e+00
-4.609435693820524094e+00 -4.808392793780837948e-01 4.000000000000000000e+00
-2.541879675141247574e+00 -3.219582933813844861e-01 4.000000000000000000e+00
-2.724042476065958951e+00 4.922246614912709539e+00 1.000000000000000000e+00
4.635274323263065099e+00 5.946134252161605627e-01 2.000000000000000000e+00
-4.492350218390963601e-01 3.782474728914659412e+00 1.000000000000000000e+00
-2.116224148377768621e+00 -3.522181357358004750e+00 3.000000000000000000e+00
-1.760616132191958227e+00 -4.697463498488556155e+00 3.000000000000000000e+00
2.667185700450827923e+00 7.707744146586825718e-01 2.000000000000000000e+00
-5.237156897758502794e+00 -2.279600356667599748e+00 4.000000000000000000e+00
1.841177109512119880e+00 2.344890884855058033e+00 2.000000000000000000e+00
-8.280696075433802150e-03 -1.796403873693807052e-01 4.000000000000000000e+00
-1.487710877758744221e+00 4.185502843299719444e+00 1.000000000000000000e+00
-7.432347555886247292e-01 4.724591374186033477e+00 1.000000000000000000e+00
-3.752288821187098389e+00 -7.124906178615113550e-01 4.000000000000000000e+00
-1.213074047930909671e+00 -4.504037990487513854e-01 4.000000000000000000e+00
4.477406630505182505e+00 1.490636950361253987e+00 2.000000000000000000e+00
-2.010400971731675313e+00 -3.870296663011762117e+00 3.000000000000000000e+00
-1.483149730578775305e+00 3.287812257636773872e+00 1.000000000000000000e+00
-6.094214669203593004e+00 -4.672763849744485665e-01 4.000000000000000000e+00
-2.956402832090083699e+00 4.201511332431927315e+00 1.000000000000000000e+00
-1.408017754967100021e+00 5.484919919081384876e+00 1.000000000000000000e+00
3.140158241451253218e+00 1.397662391701449902e+00 2.000000000000000000e+00
-1.012648356037484376e+00 2.782099245527191567e+00 1.000000000000000000e+00
-4.964637641530449841e+00 -1.419542074559300815e+00 4.000000000000000000e+00
4.374367504265306295e+00 1.804675210028821475e+00 2.000000000000000000e+00
-1.148374884864036938e+00 2.587534809435098726e+00 1.000000000000000000e+00
-2.125064978720417663e+00 4.745171478873629667e+00 1.000000000000000000e+00
-1.361492465748626035e+00 -3.492721928697875899e+00 3.000000000000000000e+00
1.660682192781786526e+00 6.667408169065449641e-01 2.000000000000000000e+00
3.252317653827040189e+00 1.273785878048854014e+00 2.000000000000000000e+00
-1.880968842499380678e+00 9.425317840088598409e-01 3.000000000000000000e+00
4.734246860344875074e+00 8.859877950363088672e-01 2.000000000000000000e+00
-5.412013990949279041e+00 -3.175122893523929513e-01 4.000000000000000000e+00
3.126776214946902499e+00 1.251191819145428319e+00 2.000000000000000000e+00
-1.817008805536287408e+00 7.809320770735084238e-01 3.000000000000000000e+00
-3.630211417424492826e+00 -1.584656115633967133e+00 4.000000000000000000e+00
2.288208117580847745e+00 2.180623139084983286e+00 2.000000000000000000e+00
3.273510276065729752e+00 5.727018915477832817e-01 2.000000000000000000e+00
-6.477461494213165860e-01 3.231046593732880723e+00 1.000000000000000000e+00
2.121361948598286862e+00 1.279879603327642945e+00 2.000000000000000000e+00
2.277513000242387786e+00 2.090317709137935687e+00 2.000000000000000000e+00
2.063402619194395271e+00 2.072259355245388956e+00 2.000000000000000000e+00
-2.114308592353507876e+00 4.917323941299788004e+00 1.000000000000000000e+00
4.304261068222976938e+00 6.264667078602235151e-01 2.000000000000000000e+00
-1.369686323447750542e+00 -6.104007505636155351e-01 3.000000000000000000e+00
-3.089258797843666304e+00 -4.326002821366876638e+00 3.000000000000000000e+00
2.754703834032210974e+00 1.969947965700645121e+00 2.000000000000000000e+00
5.129490961693103479e+00 8.794327209860142158e-01 2.000000000000000000e+00
-2.971608600825840441e+00 3.741842168095542043e+00 1.000000000000000000e+00
-2.120228748371820071e+00 -6.004186320105452168e+00 3.000000000000000000e+00
4.152035520326423423e+00 1.795854601945261031e+00 2.000000000000000000e+00
-1.723527662579405373e+00 -3.747953052975031341e+00 3.000000000000000000e+00
-1.704293431357455813e+00 -2.841710629923488884e+00 3.000000000000000000e+00
-3.097080083609972334e+00 3.097145057133960933e-01 4.000000000000000000e+00
-2.477481814891426382e+00 -6.247946572271896315e-01 3.000000000000000000e+00
-6.576791702763826741e-01 4.814156071594932307e+00 1.000000000000000000e+00
-1.915519128629146639e+00 2.740881455283172841e-03 3.000000000000000000e+00
-1.760251212157654566e+00 -1.218736941533874019e+00 3.000000000000000000e+00
3.295315984257374264e+00 6.369071624098605611e-01 2.000000000000000000e+00
-8.845237689814083870e-01 2.472828787100913139e+00 1.000000000000000000e+00
-9.694597455536823061e-01 3.490383054461041024e+00 1.000000000000000000e+00
3.969165748721986908e+00 1.058150730960368602e+00 2.000000000000000000e+00
-7.386419105307493460e-01 3.521566737059941943e+00 1.000000000000000000e+00
-5.687703787702054647e+00 -1.563899331780732371e+00 4.000000000000000000e+00
-3.384795110995781453e+00 -7.621073578436983187e-01 4.000000000000000000e+00
2.448205278851088629e+00 2.194370706698383078e+00 2.000000000000000000e+00
-5.279388951170223443e+00 -1.598973236417091215e+00 4.000000000000000000e+00
-2.631584318107143883e+00 -2.840009282873775520e-01 4.000000000000000000e+00
-4.747957838553518606e+00 -9.310598861373198254e-01 4.000000000000000000e+00
-5.138391394113434707e+00 -1.035090908380235097e+00 4.000000000000000000e+00
-7.792610187002678712e-01 3.309790256295451094e+00 1.000000000000000000e+00
-4.363062269466468912e+00 -1.249028311435478544e+00 4.000000000000000000e+00
3.392159700366964792e+00 1.917827506050494568e+00 2.000000000000000000e+00
4.382762974647739007e+00 1.462898568543037348e+00 2.000000000000000000e+00
-2.137095964368167511e+00 -4.343402042471350200e+00 3.000000000000000000e+00
-5.698907001698247932e+00 -1.261187865754797022e+00 4.000000000000000000e+00
-2.640091521876235525e+00 3.426124571087527215e+00 1.000000000000000000e+00
-1.643786128752739106e+00 4.292183340514786671e+00 1.000000000000000000e+00
-4.655788298312604212e-01 2.881488650875302593e+00 1.000000000000000000e+00
-7.017052611788680005e-01 3.996290448924239236e+00 1.000000000000000000e+00
5.099632541086124959e+00 1.135296527977343706e+00 2.000000000000000000e+00
-2.860140547135102018e+00 -1.743725358470965325e+00 4.000000000000000000e+00
-7.080445696599158012e-01 -9.095660443424731234e-01 4.000000000000000000e+00
-3.314684376195913273e-01 5.176753468009799519e+00 1.000000000000000000e+00
-1.718084616852459945e-01 -1.670536691057166179e+00 3.000000000000000000e+00
-9.602594294258171015e-01 5.158692933635310673e+00 1.000000000000000000e+00
2.711484551790945829e+00 4.470382193357075318e-01 2.000000000000000000e+00
3.737039218917284522e+00 1.283484973952817576e+00 2.000000000000000000e+00
-2.227050475838106891e+00 -4.252831879298481610e+00 3.000000000000000000e+00
-2.812991991786366164e+00 -1.409160155596600017e+00 4.000000000000000000e+00
-5.497418283262587302e-01 -4.126882699064974958e+00 3.000000000000000000e+00
-1.946602936348448942e+00 -1.137219649412108513e+00 4.000000000000000000e+00
3.940962127944453108e+00 1.670639840999009085e+00 2.000000000000000000e+00
-1.867450937174487624e+00 3.759564892221371579e+00 1.000000000000000000e+00
-3.382019785852159899e+00 -3.531404757817606654e+00 3.000000000000000000e+00
2.968880400336410652e+00 9.784846628483953035e-01 2.000000000000000000e+00
-2.329213275400779271e+00 -1.985291727302457065e+00 3.000000000000000000e+00
-7.313884638738339383e-01 -6.453126202563985725e-01 4.000000000000000000e+00
-1.809211410966438116e+00 2.591960884942190901e+00 1.000000000000000000e+00
4.730497395996226651e+00 5.550859700623729243e-01 2.000000000000000000e+00
-2.289559489257499081e+00 5.013890337585915624e+00 1.000000000000000000e+00
5.137980168495662525e+00 6.922231271846430722e-01 2.000000000000000000e+00
-4.854950137292847856e+00 -1.388791486061692781e+00 4.000000000000000000e+00
-1.475995580793232564e+00 4.216062172727376378e+00 1.000000000000000000e+00
5.021262037414949475e+00 2.609319880724543239e-01 2.000000000000000000e+00
-5.493497423439992033e+00 -5.649359846352626224e-01 4.000000000000000000e+00
-4.568286579273969750e+00 -9.476367501260481996e-01 4.000000000000000000e+00
-1.922385808656478678e+00 5.412545098812018729e+00 1.000000000000000000e+00
-3.011561465241295199e+00 4.023051340513341678e+00 1.000000000000000000e+00
5.004193090045829351e+00 7.329421269240581349e-01 2.000000000000000000e+00
-7.792979992931580391e+00 -1.060666360058730495e+00 4.000000000000000000e+00
-2.415765562294961200e+00 -1.563638938115837096e+00 3.000000000000000000e+00
-1.223085881264632802e+00 5.159358028033441457e+00 1.000000000000000000e+00
-2.311723318068382049e+00 -4.741387042511586714e-01 4.000000000000000000e+00
-2.015764242196797618e+00 -5.871157606647580351e+00 3.000000000000000000e+00
-2.582704653973619369e+00 4.454406788127386996e+00 1.000000000000000000e+00
-5.312397052607555459e+00 -1.074020225816582519e+00 4.000000000000000000e+00
-2.268072742604227088e+00 3.372632394918829934e+00 1.000000000000000000e+00
-3.265926571963537306e+00 -1.728329208626399716e+00 4.000000000000000000e+00
-1.036344434910630774e+00 2.646997633998037003e+00 1.000000000000000000e+00
-2.232217562566859215e+00 -1.293278982222426876e+00 4.000000000000000000e+00
3.654135287094289808e+00 1.421056898120031997e+00 2.000000000000000000e+00
-1.517485343829460431e+00 4.858897970821653978e+00 1.000000000000000000e+00
-2.534688852402042780e+00 -9.372333633412734955e-01 3.000000000000000000e+00
-4.496735951561373845e+00 -5.867183166035528918e-01 4.000000000000000000e+00
-5.233929431709714031e-01 -3.781281343926989003e+00 3.000000000000000000e+00
-4.989023089557099944e+00 -5.851564677672570491e-01 4.000000000000000000e+00
3.485248715149332988e+00 1.229156350831047018e+00 2.000000000000000000e+00
-2.212039438763799382e+00 4.869602836890133624e+00 1.000000000000000000e+00
4.398296722904133205e+00 1.691341765182936774e+00 2.000000000000000000e+00
-6.552702656019187000e-01 -1.380537676785916767e+00 3.000000000000000000e+00
-4.954166782969363858e+00 -2.258595144270132415e+00 4.000000000000000000e+00
-1.717331164079170414e+00 -4.195079904548837391e+00 3.000000000000000000e+00
-7.398696480698370159e-01 2.765744887947489072e+00 1.000000000000000000e+00
2.130822038290678844e+00 1.930517015570022199e+00 2.000000000000000000e+00
-4.502181801615520840e+00 -5.122457439161466342e-01 4.000000000000000000e+00
-4.183133765999690112e+00 -2.177373323917223935e+00 4.000000000000000000e+00
1.545923383100425541e+00 1.213778393592172877e+00 2.000000000000000000e+00
3.612038322764046239e+00 2.012137222762841127e+00 2.000000000000000000e+00
-3.022530538828622770e+00 3.605062976886088677e+00 1.000000000000000000e+00
-3.000955889786643738e+00 -5.183280873625427887e+00 3.000000000000000000e+00
5.156677990611541418e+00 9.388908528821426902e-01 2.000000000000000000e+00
4.301988633974539233e+00 4.487220105290368188e-01 2.000000000000000000e+00
-1.856733374133832104e+00 4.859704638316909353e+00 1.000000000000000000e+00
2.627061423780209903e+00 2.112257337140182045e+00 2.000000000000000000e+00
-1.832899150158108004e+00 -3.999658142851372222e+00 3.000000000000000000e+00
-1.535063430333738044e+00 2.934393440725727054e+00 1.000000000000000000e+00
-1.460773944921592404e+00 -3.768230413622110753e+00 3.000000000000000000e+00
-5.326248516400381661e+00 -6.228829918421139311e-01 4.000000000000000000e+00
3.176279766063200061e+00 6.380063195311077573e-01 2.000000000000000000e+00
-1.224362581540539008e+00 -7.377076435549367872e-01 3.000000000000000000e+00
-4.340655590173811973e+00 -1.341592491911894669e+00 4.000000000000000000e+00
2.838366083485570179e+00 5.787146456359295588e-01 2.000000000000000000e+00
-2.454553490982695152e+00 4.605443122215369556e+00 1.000000000000000000e+00
2.089144479616211747e+00 2.457219348102307244e+00 2.000000000000000000e+00
-1.716696205393130281e+00 -3.374946849284593764e+00 3.000000000000000000e+00
3.999929820499915856e+00 7.302117968149977045e-01 2.000000000000000000e+00
-2.547552969108356269e+00 -1.959214626047068419e+00 3.000000000000000000e+00
2.296058643281027933e+00 5.122362117430813155e-01 2.000000000000000000e+00
-6.532794064181832727e-01 4.578216095637661631e+00 1.000000000000000000e+00
-3.456407435118077354e-01 3.330503991195314040e+00 1.000000000000000000e+00
1.578641928720505128e+00 9.404753681496952344e-01 2.000000000000000000e+00
5.431074133274563565e+00 1.163219925930408571e+00 2.000000000000000000e+00
-2.556477025986237273e+00 -3.624049456592085772e+00 3.000000000000000000e+00
-2.763045665794774841e+00 3.948010549038688310e+00 1.000000000000000000e+00
-3.986391237362526763e+00 -2.130113473440093053e+00 4.000000000000000000e+00
3.355443172410754293e+00 8.042115741280897456e-01 2.000000000000000000e+00
-2.979507666386885134e+00 -1.423001737976559600e+00 3.000000000000000000e+00
-1.331041503878258370e+00 5.130211111924101175e+00 1.000000000000000000e+00
-1.534654042727500389e+00 6.792734261560493536e-01 4.000000000000000000e+00
-1.285117578351318901e+00 -5.609586081805171709e+00 3.000000000000000000e+00
-1.578545326349537481e-01 3.963534926256048863e+00 1.000000000000000000e+00
-2.101833348435176330e+00 -2.769918948699433781e+00 3.000000000000000000e+00
-1.745414411969215429e+00 4.558167051235330725e+00 1.000000000000000000e+00
-2.810646427870601372e+00 -1.013653728603197024e+00 4.000000000000000000e+00
-3.916531960578143678e+00 -6.964190383403423557e-01 4.000000000000000000e+00
-1.859342110611862608e+00 4.117264251821109333e+00 1.000000000000000000e+00
-2.824617999834782456e+00 3.295859885128924471e+00 1.000000000000000000e+00
5.033398962700632140e+00 -2.037527504909157905e-01 2.000000000000000000e+00
-4.453470669076494914e+00 -4.357565932216955762e-01 4.000000000000000000e+00
-2.639280807477728530e+00 3.179860316432416401e+00 1.000000000000000000e+00
-1.349699856033687695e+00 4.225354255896914601e+00 1.000000000000000000e+00
-5.329267082421602630e+00 -1.877160756732544566e+00 4.000000000000000000e+00
2.054317311581920436e+00 7.926241650650072135e-01 2.000000000000000000e+00
-4.247897191329779609e+00 -1.116219155537143903e+00 4.000000000000000000e+00
-9.273480877631186114e-01 -3.916445952210698245e+00 3.000000000000000000e+00
-4.332933750559445407e+00 -1.335296679087033755e+00 4.000000000000000000e+00
-6.242224744204607489e-01 -5.918078617081403703e-01 4.000000000000000000e+00
-3.528648862049506008e+00 1.721165938434163767e-01 4.000000000000000000e+00
-5.827617223643472677e+00 -1.294371671657973177e+00 4.000000000000000000e+00
4.456903134110838494e+00 1.292842594512723986e+00 2.000000000000000000e+00
-2.193582256453695756e+00 -1.793158932437570297e+00 3.000000000000000000e+00
-4.440492291898083366e+00 -9.577249062626687071e-01 4.000000000000000000e+00
3.747322163629456249e+00 1.877139094106092809e+00 2.000000000000000000e+00
-2.850284418381539453e+00 -6.826086422228103689e-01 4.000000000000000000e+00
3.773802081413295539e+00 3.711939227307039513e-01 2.000000000000000000e+00
-1.868334444388324300e+00 8.812466582334623766e-01 3.000000000000000000e+00
4.876185573487650693e+00 2.505828076293481477e-01 2.000000000000000000e+00
-2.127033224303437997e+00 -5.307620075942851123e+00 3.000000000000000000e+00
-4.034909859052847381e+00 6.534475626952906957e-01 4.000000000000000000e+00
-2.811812019588921352e+00 3.267228151157149707e+00 1.000000000000000000e+00
5.328991436429876494e+00 1.425634221939659163e+00 2.000000000000000000e+00
-6.288624323730241272e+00 -9.012560497304894502e-01 4.000000000000000000e+00
-2.413934334100658941e+00 -1.998128647237778166e+00 3.000000000000000000e+00
-1.834337201938719852e+00 -1.588796269101470759e+00 3.000000000000000000e+00
-3.434146515779041842e-01 3.562194394278593634e+00 1.000000000000000000e+00
-5.129667432665136140e+00 -1.402463076999429514e+00 4.000000000000000000e+00
-2.627756584099093295e+00 -4.791559791738088769e+00 3.000000000000000000e+00
-1.745060669991918445e+00 -4.279784218887852099e+00 3.000000000000000000e+00
-1.469612756668511766e+00 4.970637255150083256e+00 1.000000000000000000e+00
-4.273238232584914087e+00 -5.987418460855712388e-01 4.000000000000000000e+00
-1.624602934777589214e+00 -5.282676198601462758e+00 3.000000000000000000e+00
-1.660056735110534643e+00 5.069467956626626304e+00 1.000000000000000000e+00
-5.416362457417737808e+00 -5.077051512652364096e-02 4.000000000000000000e+00
-2.122311674130151093e+00 2.658570746132607798e+00 1.000000000000000000e+00
-6.098748721705273823e+00 -1.354225534801694719e+00 4.000000000000000000e+00
-1.826088205085895755e+00 -1.786912443405000328e+00 3.000000000000000000e+00
-2.261978615214736088e+00 3.084546675416755868e+00 1.000000000000000000e+00
-1.563579901251997750e+00 -8.326080958110997354e-01 4.000000000000000000e+00
2.769513640774146968e+00 1.735176656049312705e+00 2.000000000000000000e+00
-5.880574247727010651e-01 2.342731421427608485e+00 1.000000000000000000e+00
2.168518249830143851e+00 2.255593178706361890e+00 2.000000000000000000e+00
-3.054225745075393128e+00 3.029302729020133089e+00 1.000000000000000000e+00
-1.855889801756370971e+00 -5.022888996895933822e+00 3.000000000000000000e+00
-2.226522690001352611e+00 4.993610197298734121e+00 1.000000000000000000e+00
-6.499671021854194208e-01 -5.436838397799116152e+00 3.000000000000000000e+00
3.712302537921055468e+00 6.258534569405688197e-01 2.000000000000000000e+00
-1.124289808732633178e+00 2.729184600206830069e+00 1.000000000000000000e+00
-2.565661806655213262e+00 -1.117748038474997596e+00 4.000000000000000000e+00
-5.211579640722844076e+00 -3.315866255490946823e-01 4.000000000000000000e+00
-9.789065965165826277e-01 -2.120056800835402377e+00 3.000000000000000000e+00
-2.303009645137538364e+00 -1.448391107928596488e+00 3.000000000000000000e+00
2.010136965584699453e+00 1.016540557874855200e+00 2.000000000000000000e+00
-2.078856740846564133e+00 -3.389627818938106163e+00 3.000000000000000000e+00
-1.702285721935125729e+00 -3.595823822964885341e+00 3.000000000000000000e+00
-2.828026755795708391e-01 3.417581316674322078e+00 1.000000000000000000e+00
-3.216241877027941509e+00 -1.040374143021227660e+00 4.000000000000000000e+00
-1.128082700550460338e+00 -4.492807166310056388e+00 3.000000000000000000e+00
-1.632121188099757481e+00 -3.164237037735178504e+00 3.000000000000000000e+00
-2.226863365036932496e+00 4.463907478888758718e+00 1.000000000000000000e+00
