(i) Varying p with n fixed:
n = 100,000,000

p = 4 
3.07132
3.04482
2.99281
3.08103
3.01231
3.06461
3.03542
3.01796
3.01631
3.0385
3.00491
3.09398
3.00171
3.083
3.05562
3.03175
3.07377
2.95721
3.06605
3.02506

p = 5
21.7375
21.8097
21.87
21.7927
21.7784
21.8614
21.6995
21.8516
21.6756
21.7296

p = 8
44.4787
44.4494
44.4931
45.7811
45.0763
44.5663
44.6507
44.9623
45.1363
44.4468

p = 10
53.5918
53.5818
53.5879
53.7128
53.5697
53.7108
53.9333
53.6189
53.7382
53.5913


(ii) Varying n with p fixed:
p = 10

n = 10,000,000
5.42885
5.40849
5.42022
5.46981
6.21303
5.40045
6.19138
5.42966
6.18001
5.43854

n = 40,000,000
21.5405
21.9976
22.793
21.9399
22.0152
21.7472
21.6422
21.6422
22.152
21.905

n = 100,000,000
53.7338
54.1743
54.0027
53.6983
54.467
53.7664
53.7285
53.7305
53.8882
55.2231
