0.018
0.028
0.045
0.046
0.059
0.072
0.074
0.083
0.104
0.110
0.132
0.136
0.141
0.151
0.151
0.165
0.170
0.175
0.178
0.184
0.191
0.199
0.200
0.238
0.277
0.290
0.296
0.298
0.309
0.325
0.332
0.341
0.353
0.358
0.360
0.360
0.375
0.381
0.388
0.388
0.393
0.410
0.419
0.421
0.429
0.448
0.450
0.452
0.474
0.482
0.482
0.491
0.516
0.520
0.520
0.524
0.537
0.564
0.566
0.570
0.570
0.574
0.591
0.600
0.619
0.638
0.655
0.670
0.671
0.686
0.701
0.718
0.724
0.731
0.748
0.752
0.753
0.756
0.766
0.770
0.778
0.786
0.793
0.795
0.814
0.827
0.833
0.848
0.851
0.866
0.867
0.889
0.894
0.903
0.923
0.939
0.950
0.951
0.969
0.969
